
Humidity  = 36.0778808594
Temperature  = 27.2930908203
Pressure  = 1015